131406806 199655349 261903935 290941328 302618829 417623769 524605580 585506564 614050190 654367814 658224785 865591130 993440907 1212352140 1226246188 1233746256 1420407352 1474131265 1518694747 1601847743 1645304695 1905295286 1930272984 2037031379
199655349 261903935 290941328 302618829 417623769 524605580 585506564 614050190 654367814 658224785 865591130 993440907 1212352140 1226246188 1233746256 1420407352 1474131265 1518694747 1601847743 1645304695 1905295286 1930272984 2037031379
261903935 290941328 302618829 417623769 524605580 585506564 614050190 654367814 658224785 865591130 993440907 1212352140 1226246188 1233746256 1420407352 1474131265 1518694747 1601847743 1645304695 1905295286 1930272984 2037031379
290941328 302618829 417623769 524605580 585506564 614050190 654367814 658224785 865591130 993440907 1212352140 1226246188 1233746256 1420407352 1474131265 1518694747 1601847743 1645304695 1905295286 1930272984 2037031379
302618829 417623769 524605580 585506564 614050190 654367814 658224785 865591130 993440907 1212352140 1226246188 1233746256 1420407352 1474131265 1518694747 1601847743 1645304695 1905295286 1930272984 2037031379
417623769 524605580 585506564 614050190 654367814 658224785 865591130 993440907 1212352140 1226246188 1233746256 1420407352 1474131265 1518694747 1601847743 1645304695 1905295286 1930272984 2037031379
524605580 585506564 614050190 654367814 658224785 865591130 993440907 1212352140 1226246188 1233746256 1420407352 1474131265 1518694747 1601847743 1645304695 1905295286 1930272984 2037031379
585506564 614050190 654367814 658224785 865591130 993440907 1212352140 1226246188 1233746256 1420407352 1474131265 1518694747 1601847743 1645304695 1905295286 1930272984 2037031379
614050190 654367814 658224785 865591130 993440907 1212352140 1226246188 1233746256 1420407352 1474131265 1518694747 1601847743 1645304695 1905295286 1930272984 2037031379
654367814 658224785 865591130 993440907 1212352140 1226246188 1233746256 1420407352 1474131265 1518694747 1601847743 1645304695 1905295286 1930272984 2037031379
658224785 865591130 993440907 1212352140 1226246188 1233746256 1420407352 1474131265 1518694747 1601847743 1645304695 1905295286 1930272984 2037031379
865591130 993440907 1212352140 1226246188 1233746256 1420407352 1474131265 1518694747 1601847743 1645304695 1905295286 1930272984 2037031379
993440907 1212352140 1226246188 1233746256 1420407352 1474131265 1518694747 1601847743 1645304695 1905295286 1930272984 2037031379
1212352140 1226246188 1233746256 1420407352 1474131265 1518694747 1601847743 1645304695 1905295286 1930272984 2037031379
1226246188 1233746256 1420407352 1474131265 1518694747 1601847743 1645304695 1905295286 1930272984 2037031379
1233746256 1420407352 1474131265 1518694747 1601847743 1645304695 1905295286 1930272984 2037031379
1420407352 1474131265 1518694747 1601847743 1645304695 1905295286 1930272984 2037031379
1474131265 1518694747 1601847743 1645304695 1905295286 1930272984 2037031379
1518694747 1601847743 1645304695 1905295286 1930272984 2037031379
1601847743 1645304695 1905295286 1930272984 2037031379
1645304695 1905295286 1930272984 2037031379
1905295286 1930272984 2037031379
1930272984 2037031379
